{"camera_angle_x":1.2112585306167603,"frames":[{"file_path":"./train/r_0","rotation":0.012566370614359171,"transform_matrix":[[0.92387951392036982,2.0668503269982708E-8,0.38268347724752982,0.58722573518753052],[0.38268347724752982,4.1112213633454076E-9,-0.92387951392037015,-1.3262060880661011],[-2.0668503269982708E-8,0.99999999999999978,-4.1112215853900125E-9,0.59724998474121094],[0,0,0,1]]},{"file_path":"./train/r_1","rotation":0.012566370614359171,"transform_matrix":[[0.38268338150720782,3.504382067864853E-8,0.92387955357730878,1.3529938459396362],[0.92387955357730878,2.3415533956239187E-8,-0.38268338150720854,-0.52255421876907349],[-3.504382067864853E-8,0.99999999999999889,-2.3415533512149977E-8,0.59724998474121094],[0,0,0,1]]},{"file_path":"./train/r_2","rotation":0.012566370614359171,"transform_matrix":[[-0.38268340299348269,8.187489247690749E-8,0.92387954467740019,1.3262060880661011],[0.92387954467740374,4.6672111508883063E-8,0.38268340299348025,0.58722573518753052],[-1.178724656769603E-8,0.99999999999999534,-9.3503180531584462E-8,0.59724998474121094],[0,0,0,1]]},{"file_path":"./train/r_3","rotation":0.012566370614359171,"transform_matrix":[[-0.92387950762718374,3.7113391276877294E-8,0.382683492440622,0.52255421876907349],[0.38268349244062372,7.8562794492142984E-8,0.92387950762718041,1.3529938459396362],[4.2236170116893845E-9,0.99999999999999645,-8.6785238329056824E-8,0.59724998474121094],[0,0,0,1]]},{"file_path":"./train/r_4","rotation":0.012566370614359171,"transform_matrix":[[-0.92387950762718374,-3.7113391276877294E-8,-0.382683492440622,-0.58722573518753052],[-0.38268349244062372,7.8562794492142984E-8,0.92387950762718041,1.3262060880661011],[-4.2236170116893845E-9,0.99999999999999645,-8.6785238329056824E-8,0.59724998474121094],[0,0,0,1]]},{"file_path":"./train/r_5","rotation":0.012566370614359171,"transform_matrix":[[-0.38268340299348269,-8.187489247690749E-8,-0.92387954467740019,-1.3529938459396362],[-0.92387954467740374,4.6672111508883063E-8,0.38268340299348025,0.52255421876907349],[1.178724656769603E-8,0.99999999999999534,-9.3503180531584462E-8,0.59724998474121094],[0,0,0,1]]},{"file_path":"./train/r_6","rotation":0.012566370614359171,"transform_matrix":[[0.38268338150720782,-3.504382067864853E-8,-0.92387955357730878,-1.3262060880661011],[-0.92387955357730878,2.3415533956239187E-8,-0.38268338150720854,-0.58722573518753052],[3.504382067864853E-8,0.99999999999999889,-2.3415533512149977E-8,0.59724998474121094],[0,0,0,1]]},{"file_path":"./train/r_7","rotation":0.012566370614359171,"transform_matrix":[[0.92387951392036982,-2.0668503269982708E-8,-0.38268347724752982,-0.52255421876907349],[-0.38268347724752982,4.1112213633454076E-9,-0.92387951392037015,-1.3529938459396362],[2.0668503269982708E-8,0.99999999999999978,-4.1112215853900125E-9,0.59724998474121094],[0,0,0,1]]},{"file_path":"./train/r_8","rotation":0.012566370614359171,"transform_matrix":[[0.923879534840517,-0.066452269512193851,0.37686960739697306,0.58722573518753052],[0.38268342674183042,0.16042997041116913,-0.90984373355593418,-1.3262060880661011],[1.0326743071775724E-9,0.98480775812873778,0.17364814864964684,1.7417500019073486],[0,0,0,1]]},{"file_path":"./train/r_9","rotation":0.012566370614359171,"transform_matrix":[[0.38268342257434984,-0.16042978991632434,0.9098437671348778,1.3529938459396362],[0.92387953656674382,0.066452169929482441,-0.37686962072430585,-0.52255421876907349],[2.1455717758023241E-8,0.98480779425178566,0.1736479437855003,1.7417500019073486],[0,0,0,1]]},{"file_path":"./train/r_10","rotation":0.012566370614359171,"transform_matrix":[[-0.38268336561001259,-0.16042987988609092,0.909843775230192,1.3262060880661011],[0.92387956016213912,-0.066452301577731188,0.3768695396680859,0.58722573518753052],[7.795854062297991E-8,0.98480777071200909,0.17364807728632403,1.7417500019073486],[0,0,0,1]]},{"file_path":"./train/r_11","rotation":0.012566370614359171,"transform_matrix":[[-0.92387942164141346,-0.066452011076048978,0.37686993046868955,0.52255421876907349],[0.38268370002840052,-0.16043002635370085,0.90984360874642811,1.3529938459396362],[3.153111193532343E-7,0.98480776645399115,0.17364810143448517,1.7417500019073486],[0,0,0,1]]},{"file_path":"./train/r_12","rotation":0.012566370614359171,"transform_matrix":[[-0.92387942164141346,0.066452011076048978,-0.37686993046868955,-0.58722573518753052],[-0.38268370002840052,-0.16043002635370085,0.90984360874642811,1.3262060880661011],[-3.153111193532343E-7,0.98480776645399115,0.17364810143448517,1.7417500019073486],[0,0,0,1]]},{"file_path":"./train/r_13","rotation":0.012566370614359171,"transform_matrix":[[-0.38268336561001259,0.16042987988609092,-0.909843775230192,-1.3529938459396362],[-0.92387956016213912,-0.066452301577731188,0.3768695396680859,0.52255421876907349],[-7.795854062297991E-8,0.98480777071200909,0.17364807728632403,1.7417500019073486],[0,0,0,1]]},{"file_path":"./train/r_14","rotation":0.012566370614359171,"transform_matrix":[[0.38268342257434984,0.16042978991632434,-0.9098437671348778,-1.3262060880661011],[-0.92387953656674382,0.066452169929482441,-0.37686962072430585,-0.58722573518753052],[-2.1455717758023241E-8,0.98480779425178566,0.1736479437855003,1.7417500019073486],[0,0,0,1]]},{"file_path":"./train/r_15","rotation":0.012566370614359171,"transform_matrix":[[0.923879534840517,0.066452269512193851,-0.37686960739697306,-0.52255421876907349],[-0.38268342674183042,0.16042997041116913,-0.90984373355593418,-1.3529938459396362],[-1.0326743071775724E-9,0.98480775812873778,0.17364814864964684,1.7417500019073486],[0,0,0,1]]}]}